0.2634372537849111
0.6249165745012102
0.9504301691647309
0.09886377198264917
0.3924728140272651
0.5828720462960743
0.3281903016166112
0.44630090478729534
0.8638028169228698
0.22328714149531204
0.17370110629809588
0.9333674629778468
0.10652135071394431
0.6519474179237852
0.474868415204602
0.5974068700636664
0.525712318812535
0.8058667128863378
0.37089591359926133
0.09657157784060832
0.25412009946417635
0.34301295108990704
0.4588153781399965
0.30048466841778654
0.45269502064943357
0.28352256837762646
0.8173640651646028
0.6110430374695135
0.43860857680004084
0.8580004185820465
0.914011288254825
0.8756974873422042
0.7640602724076206
0.21479149407888776
0.671287749869523
0.842458792927596
0.995173537723393
0.8656490827589105
0.3601725186687511
0.7240433407609038
0.34750616798644707
0.008013817144834623
0.6611447897320302
0.5879856136854751
0.5231757510522222
0.15215664384450622
0.1876082258101821
0.9702087619346818
0.06432839527584922
0.8027278564911567
0.0017480322962916128
0.32145928815785374
0.288654907159553
0.29679370965459495
0.1694818673161277
0.6391748859579504
0.4048852725235249
0.2842307963380194
0.19901777932026055
0.911769389501212
0.7196690015381856
0.7513876687083623
0.2866335265477512
0.8079824566570534
0.9419754876532883
0.935212261277465
0.6536432962361279
0.3808557633658173
0.4671244817352167
0.9525825825604521
0.9001196786488758
0.42406153646624867
0.17978470328132234
0.4783671286061253
0.22378976350202184
0.5177232258460058
0.753753314815121
0.34578119537316176
0.5566264109512268
0.7315325509489892
0.6460572684081396
0.5138932233202685
0.15700687077589892
0.41488050166198565
0.9838932405435943
0.44967534128782083
0.9619125016856728
0.49688478181678475
0.3251491324777428
0.6057809158023307
0.051495362875984996
0.2436096598491182
0.836727702727064
0.34027089976921543
0.9074383772538293
0.4754383813197317
0.7796184784532807
0.3208001260349226
0.7568877012058067
0.8344725314733449
0.31564118000768426
0.18331361673498137
0.18533758298728564
0.8099965508522139
0.5580102674582358
0.9740916277115903
0.3746991421575928
0.8794600164714277
0.4763468481329789
0.6940222620187951
0.7768866013843019
0.3030937852845095
0.7364907273447028
0.08526831254251643
0.7686055079307925
0.82219089079454
0.8064420938342705
0.6530348970869038
0.8496295707948528
0.7542465203900024
0.6919882981127587
0.798933241069213
0.2447038395207829
0.7525659389974909
0.4790488346848012
0.8574749396236566
0.3483139397095404
0.8036126734745997
0.454497044190742
0.7735202669462622
0.3119121998639315
0.8722842246177946
0.9531943513362015
0.1360430447747426
0.21479349786454216
0.9734658110810257
0.23619915825915128
0.2923637108268682
0.6826649137516344
0.34762707761770817
0.6435891767222749
0.3070411692888291
0.5220548863733442
0.8488908138542041
0.9850623058576582
0.6009033103945343
0.9240594305431079
0.6159166633875145
0.6324581733118522
0.20823489050037014
0.05752391633871545
0.5891068245944638
0.060568428007367614
0.723930632104982
0.4196111931471036
0.4620550031558164
0.646081097130523
0.17746053265879624
0.14080792481554283
0.21082383549471828
0.37923019067207187
0.2667832829393355
0.5517725428401314
0.4315498409185414
0.768698936095189
0.6128830011834974
0.7110303560169534
0.3350394381958317
0.6275511692994108
0.9543931300844327
0.2653720508419407
0.3964335024039044
0.6164421053144129
0.49181091460271664
0.9689140276023395
0.33868148915929697
0.3900862478383288
0.9120946656756068
0.42213062659081135
0.3404812082402534
0.9439369433606951
0.9769749124040246
0.10876900916939392
0.10250340025595017
0.2902582385173522
0.9421000746950894
0.6064104285609535
0.6801348899864996
0.9062467039263654
0.489175810510875
0.9255416100416745
0.7966381274448132
0.49158720923066
0.2995468376875755
0.292352949916311
0.6875387253228945
0.44880321119773803
0.8752084155576909
0.33208067914528505
0.3952169341414403
0.15698866637750275
0.7220244934413244
0.5325625507122267
0.8320928955472726
0.5479855000190865
0.5499677069308825
0.07177743839471118
0.8614595609434026
0.7137966702200086
0.7164866093631753
0.5784915928724272
0.10693156560768713
0.27500172093979736
0.741643205198825
0.1617349853261737
0.19464166224544943
0.022168499991509383
0.3574542494197259
0.09268356141149414
0.6567314482555229
0.9057304598529041
0.21890797512788152
0.8516240514769856
0.7803460296532733
0.794526789358235
0.10041712893408261
0.8630302759762155
0.27325724312265887
0.5491778044724253
0.12900868540452204
0.13338077226966494
0.735403723498737
0.8636956228066356
0.3643389621772679
0.17919955382424202
0.5750500217341211
0.017206404215255544
0.8256626293682434
0.08690327096612893
0.18893143119981215
0.14738658061440724
0.8871727971629234
0.2813895102698296
0.9376649908208298
0.9081927439763252
0.8156681512270836
0.5969027751978162
0.6908711812186712
0.406691155922256
0.10829313415703534
0.5415658204621888
0.49086495081303994
0.12726885601103455
0.20313479184236483
0.22606601648299907
0.18943890272453434
0.14623603075337344
0.0817505999595809
0.28733800186635217
0.7491752932832135
0.31580478727122674
0.2602391440690456
0.27968465358887573
0.2688876840432305
0.2536567478785695
0.6742556838971789
0.42863133188472435
0.6922072789020173
0.9127880240569628
0.003413037212118941
0.3469084477979615
0.5889925403750409
0.22604691357454765
0.05179774716789631
0.2973101992189052
0.36115565574301767
0.820756183879784
0.9038699735302121
0.8537780724973993
0.7176623277959471
0.0810384160192027
0.708805506003492
0.35990954066285274
0.2878766069911316
0.8989391093444976
0.11137619047766545
0.4131941286885181
0.7980854873639803
0.30016948889762307
0.543755326950119
0.7136303034880079
0.32295281059671954
0.7562667260992362
0.8201726962993392
0.0069782264835167584
0.7418157853370181
0.40219645513996605
0.7351334676775394
0.5257553541434498
0.6791513391600588
0.5668988369137306
0.6559542726898161
0.2851827712418261
0.8892040702220506
0.9940056599899197
0.4216585047603284
0.8266422279171196
0.25668098142240836
0.8809332511884473
0.21281211250621346
0.5178054708752218
0.32858272675232514
0.3967817039964062
0.4406705214253741
0.31644838777254136
0.5666551383314969
0.6529482207888571
0.11904579567363083
0.9840648825992733
0.31560849733510177
0.1950882988627215
0.6285927230144448
0.09574612461455734
0.8191664652757127
0.9610357081673531
0.2607512936241865
0.8343932764305221
0.4841705075286218
0.3065179834056384
0.4373722245194851
0.48018244682354005
0.9923796295216621
0.13898161412927978
0.04209115989408674
0.7103029623436229
0.7902694268613437
0.41956688099763595
0.8708062218317935
0.30934093484940584
0.9490484364057669
0.29424921553410854
0.811152978821492
0.6572824552453859
0.38027395335153424
0.89739083260233
0.9946593299378488
0.40996131848682626
0.9168633580384346
0.43442202224460613
0.8303024907399434
0.11587872153750389
0.8249611416361387
0.49509922833729925
0.5244789777057706
0.12367328323638316
0.8990360682487636
0.6747624898795489
0.4199376071711467
0.026121561049936348
0.4107465768025018
0.48824247679360977
0.24501469464924486
0.05940073275964197
0.8315269653742534
0.24954256671482955
0.15454954814735966
0.33044671829401984
0.4295107722708327
0.06014974052003741
0.26514760561819517
0.4805925891497945
0.5533219066438675
0.2998025485414124
0.2399973375189247
0.4102735905527657
0.6584279949866602
0.04577300356116043
0.362236527596576
0.9874366485984903
0.906164694552469
0.6601943315836927
0.45090198523473934
0.24139410440567022
0.4712037696113035
0.37969365987306736
0.9197867237862453
0.40421246242179754
0.5301512931058131
0.1175655000338135
0.25706648069249627
0.3033288889758191
0.2721274363329571
0.845947964177333
0.2123477762125192
0.03193975357533185
0.171592068464959
0.8639403308549137
0.017827903794745636
0.5278067885053903
0.19434570851261035
0.9773276607368805
0.04154655007398189
0.6764783311709158
0.5695483969477328
0.11655389163854246
0.37324803857793043
0.8215244162420424
0.25376382085423943
0.2018119155475422
0.9771618228308581
0.11223616958699656
0.2374498231573965
0.12759585806159401
0.21104844587316118
0.9483416208789376
0.3999803111710373
0.5837867705713906
0.7071465736062665
0.891641324112543
0.7061981037455737
0.05631990635303463
0.8381965810315563
0.8060691279466338
0.1556617656668009
0.7577085360782962
0.25050434943246813
0.6605345210800047
0.045164163117393796
0.42617501674313263
0.23604890572233272
0.38300502461171726
0.7857637123652713
0.9018673173700402
0.036925741169328896
0.38963834029621036
0.7274844977515827
0.13961519150597257
0.5279574233742826
0.9293756722775749
0.18800404476061083
0.8499067715784748
0.10709157189162943
0.18225916462511926
0.15606315230100865
0.27324343928022865
0.03824590764378477
0.12883788680553432
0.9459949591561355
0.6877564919777336
0.9375486443079223
0.5683785223364565
0.4166853645621552
0.12594664103768605
0.5714618884015374
0.3051983358302167
0.23644015284293807
0.4336333166676619
0.6440646425569914
0.44528963199569693
0.07464947186561022
0.24267735055016182
0.7908109253914835
0.9495064639961107
0.5318028121001018
0.6487676982981494
0.5673681467033227
0.07493578296001169
0.08132301951384824
0.386538690238896
0.8246790179872757
0.10267721596417745
0.2898513234326562
0.07651137953746767
0.4951803031235753
0.7981064879155093
0.10702940304807362
0.6818289242482898
0.4801499717723976
0.3787998158614292
0.07148869151439097
0.6574826525153307
0.02444413145720581
0.37564780955238875
0.866671439455821
0.4007015939565778
0.6924233543024481
0.6642887314612629
0.7782715765221373
0.5184055587024863
0.817657869752202
0.11684323739758973
0.2544979085284339
0.11609770090776184
0.08903965961003257
0.7780333425378102
0.9510260146628201
0.7822992106000103
0.7572185992494007
0.20512101771266011
0.3544195116341846
0.1936060980488794
0.7978190365170854
0.627702210714087
0.32096510128053846
0.2976731968193398
0.2516823343695077
0.8812446179502287
0.6422802220609303
0.8449084028935764
0.8774193434982945
0.6473585522035918
0.054715737597882064
0.6343859597313737
0.19784690130268212
0.3941421020169322
0.9464906902609047
0.21546448173735055
0.9994203098435522
0.5515428927215204
0.38465998124906076
0.9438217272860671
0.3525638280177056
0.8795311350890901
0.9834294918870267
0.22909506441459548
0.2608396776218097
0.6909792153926048
0.5659980048015087
0.5310426721140086
0.11818536792492251
0.576495535790005
0.5340188148980988
0.16211753127222828
0.2559879179297423
0.5450610950218054
0.35193801615902287
0.23657245320611586
0.9955532748907427
0.04216974429789655
0.577880723799566
0.16969117107971277
0.7865673437735424
0.13627358566247783
0.42842030150529187
0.9754671799835851
0.20843504205596164
0.2746875041729554
0.9514801279106296
0.23702809311129125
0.8389221758143425
0.4017076752232117
0.49978088624190653
0.03133049794661469
0.25331434881555803
0.9045508806033645
0.3466609866051573
0.27812629328591265
0.7073459570202895
0.806823006992738
0.9667616244024189
0.95292847063559
0.3784417487871904
0.864576054419809
0.7159816772515104
0.35468066271989895
0.3923519411332018
0.7366156743735186
0.38827254727266747
0.151061083753118
0.246051650222057
0.19857179851148143
0.40125597684234104
0.23782880365628756
0.6528134693910176
0.4493467514505144
0.1683130358297774
0.5433460685323418
0.28165238909514134
0.9189073963680713
0.5517058736121233
0.7853872697625361
0.34088001256802836
0.6279883433340034
0.1594578637968902
0.8445718925516653
0.46429502164541536
0.07312584232551844
0.64813250317128
0.8572349840018199
0.8985754680910166
0.8145430349697805
0.12431444495803201
0.3502755480260926
0.5617275248443109
0.42975862875460435
0.19951128389363693
0.7414997267410893
0.14498473947057555
0.2623932317829698
0.2463575475970139
0.31120190381892543
0.06434041154264514
0.4434985185637059
0.9284176727459363
0.3142042312342821
0.7329350462447007
0.9918363826074886
0.13154762344025694
0.24630049707318358
0.3218101433005036
0.40988649649607456
0.011689757857172633
0.40502793560604866
0.904077954421028
0.08396267512494171
0.9921392002319517
0.7919162997384931
0.6363465935194272
0.9696691858342587
0.19273393765312885
0.09184066770406307
0.4212787171758374
0.4980311123085991
0.9540854033650576
0.9348304923549983
0.31645069801224757
0.3729826781228721
0.8318797910951685
0.8966646323202481
0.8072189381479431
0.9475004930410096
0.6794448247285533
0.7268076835124974
0.9450885381793348
0.1635195319089029
0.21119063471781963
0.10572082068679
0.26811872240249024
0.6198712724561298
0.7451972884821824
0.8283055402911298
0.366188418609699
0.19283494026483028
0.6601359529605918
0.6862162191978539
0.9314849159986489
0.7754949071309075
0.4698743817418176
0.47900355867445876
0.143366655284484
0.12494799607929852
0.31853165359618263
0.5225277957018439
0.2767913682682277
0.5105065936219715
0.12941120302914044
0.7428066039651523
0.49478888207045646
0.8413950160055113
0.6031549233463783
0.9444399755912458
0.8879975867711968
0.21903777450437134
0.7536256956576585
0.12498007685397372
0.9580725991316086
0.4068904571713231
0.6944394045198068
0.7700913848692202
0.9068119947066263
0.5398648643004013
0.9447314601152131
0.9090724767333175
0.28913776349589737
0.5057522757824854
0.6096574007076243
0.33628746066127513
0.8156060638874819
0.8226499659584223
0.40929065848416013
0.8112819869380032
0.3489111081523354
0.5092473734817299
0.6789950037346465
0.23883481810989415
0.42888571932229835
0.3989304549528131
0.14501307632272864
0.7999229205597886
0.9817909526625526
0.5840139731445659
0.4909265593293617
0.755554160384965
0.22222589363140133
0.19301304520276918
0.4738075452668078
0.17764883778282858
0.1397782587172709
0.5017168605471216
0.6232947436899472
0.1746273450764032
0.37757487320985816
0.4579291766281792
0.36249224626108534
0.2740879275173822
0.7561807755781966
0.060091595979421486
0.7265024970463744
0.5009353713500712
0.17383447082701897
0.6716073310897162
0.7225697017980132
0.34654748663073764
0.12279581276893436
0.27553438474807324
0.7752228405265623
0.26304332581648415
0.6016223163975429
0.8784193027958889
0.6304731782392005
0.5364433652241364
0.774478596714138
0.7573934498714368
0.5550332322085986
0.3934884181940518
0.3311226209887357
0.011255933066642188
0.6596903885540986
0.9791107865715742
0.13500192005385636
0.9241183798444069
0.7003803173036333
0.40502759920176246
0.41193134072064286
0.9792889406554802
0.7661710302860609
0.4146528199511935
0.42811361564919237
0.9714236002496915
0.8502816165927571
0.335500973719447
0.33380253520798187
0.5565752590399538
0.41842401182773825
0.8974825797090172
0.6076980631951366
0.7526222856305212
0.7381702092281445
0.18396695775814376
0.3272015268253914
0.35665953585642696
0.9137112370920231
0.45221568955605873
0.3109478804770818
0.9812869423580596
0.28228876775725686
0.8107658616652802
0.03257175230262688
0.42833174978134936
0.07174345148321226
0.7735689140752059
0.08845220835255518
0.41639280754509733
0.9930390983379374
0.5241678704589358
0.9172210097887313
0.257695711793656
0.7472850267051825
0.3179215485929774
0.4151076446371291
0.9401006002131028
0.26369361105841505
0.8262617684397723
0.06873368741800467
0.21170477282117184
0.8530736566978281
0.3841954917442899
0.23575825832778663
0.6883344344880853
0.36087473176901996
0.040740595041734995
0.24381504159524825
0.7083213168189273
0.8344611493345563
0.0317106589405618
0.04947082129908953
0.6443115874945365
0.18120874739485227
0.7952405865206907
0.3014740439778849
0.6484557577852345
0.7871816810528636
0.9326714301012919
0.7863516218502019
0.35518011798742266
0.09056005888330232
0.580889478683399
0.39945060460211024
0.8948417613244601
0.6596539002164651
0.5069409612227932
0.9808108854794053
0.6819206186095563
0.4122524753166993
0.8617206966193337
0.5827938763951879
0.8330037147361518
0.23122268758745257
0.9367591947052509
0.9951813237263522
0.7426684181892905
0.3806833519806284
0.45660939487904295
0.6434975155762719
0.2994726372482277
0.8077473992912116
0.9090610180321761
0.29759687371159693
0.45961231580018536
0.6267371686652927
0.1663867175993745
0.3800985361326441
0.41240696415582256
0.8259423932019916
0.18305083040651593
0.04803800765262067
0.3696265578783611
0.5114047011677488
0.8687886070977008
0.6361455658185227
0.08977437413175793
0.8078761798441193
0.3306894975509146
0.4964496824364665
0.6087915068198392
0.8740138532811672
0.5538952994674724
0.7464431493139102
0.29025089230454926
0.3570357363442307
0.24775043856412704
0.946838450089236
0.23096012213551642
0.01147872692204277
0.022717783543172443
0.26997807735399326
0.26199346072166574
0.1373617955382881
0.2831006238754008
0.29125461295804866
0.27052585904826665
0.9549729604286029
0.22158744372338557
0.13843417139972292
0.3344423652561438
0.026661745626305522
0.0838629376161859
0.3675661754137103
0.2095486660255601
0.36043356250405045
0.4350052747787623
0.5992015995176355
0.03830968822252956
0.8858060195337741
0.5041161677387261
0.6449302002182136
0.7593948574954484
0.5793015773116931
0.809606732671401
0.58178722009477
0.5889100043968977
0.6351146615267758
0.174788920738701
0.9908684778275082
0.11704777420730406
0.7259059497566274
0.9318986318641701
0.36653190239686984
0.017989720674920107
0.5793399278880347
0.582403448639988
0.5238531987300494
0.10624479141832477
0.8078965464814208
0.4324241307947506
0.6845413131451459
0.48921097158892746
0.1726513633317338
0.7543259905725184
0.8053094551351763
0.8635973713003545
0.23613284317148875
0.8390124022574358
0.6277362447796577
0.5824468956010315
0.6650295899439589
0.8981796836565232
0.8749400013415088
0.9798502338380928
0.2804342858516743
0.15176881430063238
0.9979290267386549
0.582043839314801
0.3214750044574356
0.5930762059398874
0.8832795535848301
0.25643605204060005
0.2875989783307621
0.8624621960313573
0.9738317899481297
0.0542073517754631
0.15543771750497004
0.3803226605873232
0.32538400654157906
0.4874816190773016
0.7280964129027864
0.3909653492108013
0.22490332701660098
0.2486678214749274
0.3678748785061958
0.851259737408212
0.12956122888923016
0.9274220496225897
0.38784094861593177
0.16140491064567486
0.8509404449892494
0.10978225315315371
0.9333417272826167
0.5798874746573119
0.10504959741064923
0.3543791343835808
0.2714519702847237
0.7906771062390211
0.7763202774849413
0.9322282232766789
0.024522612913095654
0.49793490306433763
0.5025507457791859
0.8894600599178388
0.0334072909952744
0.11198530053953237
0.4777997138405836
0.9464464591317558
0.21660806015446077
0.5600297236632572
0.6915221138168856
0.982132843683619
0.0034956642240576707
0.006055934807119079
0.17477819601950895
0.3689881027646644
0.6629244890178253
0.7966243833337002
0.20813652587122322
0.22183461447305908
0.12297505027636368
0.2626887648843508
0.8609300781612365
0.7029231866630338
0.6832225262642626
0.10233478158170561
0.677814108431258
0.8859690658191296
0.35784251061548855
0.945298014243257
0.8061130304973062
0.32346619614621863
0.45603016423314524
0.35734768189956256
0.3662334403524852
0.3844494583959277
0.4056223971405505
0.9811003311453675
0.4074583919378887
0.6339752528091531
0.7564773092638156
0.7295534263104223
0.3627279536164417
0.010943014715389943
0.7620786131264409
0.9496060535257712
0.5185499754056105
0.3274811590661707
0.9309975355396447
0.25505981037059455
0.6499735913752495
0.6609734621196192
0.46425765013670506
0.2920699909140366
0.6355975803985843
0.5389022942468324
0.5503137728796597
0.044743694883466745
0.5638746278262435
0.4270376344271235
0.07626827448040663
0.41455774271503654
0.5695112772748291
0.9231019673687003
0.4321138113620221
