0.9083191109035352
0.8422506040254891
0.2425291676621002
0.7621161082939563
0.6658600882898681
0.3674693869826312
0.2472839286103976
0.19718471662614412
0.3165474137964812
0.4973252155800041
0.7673392141086889
0.9487873685353446
0.8763576677423851
0.36386584288406143
0.13890134070577909
0.009459602016768764
0.44692532380235384
0.6956311953964932
0.7774904802506128
0.6550457632665913
0.9191557054858055
0.6339919003578597
0.9077266462240756
0.012388336348157836
0.05310560510532081
0.3021972960210454
0.2636370677028117
0.06541107653884726
0.876788610085676
0.30929214610042677
0.21434869298034454
0.31349324431860826
0.4412894566152106
0.8173507167999104
0.1303823906661944
0.6329471372586115
0.8455480097427985
0.27801572202741587
0.4473662996058809
0.760574272533025
0.10139966104648801
0.4531186893764809
0.8068375812366038
0.21769055968733642
0.8479364853566314
0.8741974418893397
0.8579030887012228
0.4236741049788655
0.14397877082374533
0.46701553910308924
0.7888817210065184
0.2100037660820706
0.5684243300532907
0.6697272283865887
0.42465195943435075
0.9389206496998898
0.6404686798249405
0.007121124809678303
0.773279984406435
0.9552585040496131
0.13516600642699517
0.7484141401670091
0.2346058605883764
0.1556533122685131
0.21452785919309825
0.9723570250326884
0.2938157233535188
0.04625631333052227
0.42033211220173483
0.09095132141912887
0.4146306198174692
0.7782389538422038
0.4820423305562226
0.6418668574339574
0.019593271558461245
0.29979186401280933
0.5817134883091064
0.9496881210924387
0.8990364081589299
0.9439844634947839
0.18748684115065162
0.07740661522523717
0.1256671627820044
0.48376585185966037
0.81825348125477
0.3421154834898186
0.5683040053420942
0.9285513136168521
0.13429223223121756
0.5526518171100572
0.39615437002871845
0.11125324609114462
0.5621646435921829
0.041971073330353326
0.5441220202588808
0.42027913983489673
0.2568756664291173
0.5133270937882173
0.9699857144549083
0.8679334635455453
