0.880405921666043
0.19082090251038664
0.06197751531724438
0.5337357560692976
0.10440571162787382
0.1515965419220412
0.2317965521504164
0.9139385509454442
0.6468232000369801
0.6599801527455955
0.9620361342370616
0.4586059906923782
0.9827203680942851
0.3349022699336346
0.1949909213565938
0.5506639163639419
0.4327561186249307
0.16078830329652816
0.1257700565094011
0.26696707271770015
0.691095879118359
0.054001552270854125
0.9603821627362534
0.36243680724905436
0.7395220255001529
0.654697584288989
0.39524168105339696
0.8418079147842984
0.7403050530098132
0.5159956215030919
0.9463007409220527
0.7835659858602972
0.016996875912901332
0.6055362930121735
0.788237488723564
0.4644459379004092
0.0301590582056237
0.3089097446114325
0.07760844668530875
0.24790067704937002
0.334140759021441
0.9301015692659561
0.8285988408826009
0.14623875256427854
0.8613720501925839
0.021018102244438785
0.28598151837461105
0.44366847444466173
0.5222406966623065
0.7403175684524869
0.39712166788647596
0.2762749076495713
0.03147121983201595
0.8411863212413087
0.42334094651596255
0.6049956414100449
0.07602709949561948
0.8183644272833484
0.9506813629654148
0.5889500081035011
0.42490861302918803
0.2066387037346159
0.5610858393364558
0.9690154763893714
0.34781986725221237
0.016184925716096865
0.20723873877370202
0.7053341635043813
0.7575307475897348
0.8145557991609818
0.8977863565475538
0.7774714441534953
0.8198605705694367
0.020774634872214315
0.6443839506877816
0.7522373441981993
0.385562295249249
0.5639088782041504
0.7479923648214659
0.45172125665129903
0.48998696191272306
0.17666225338461916
0.4090739535529261
0.8128785847091711
0.3392605029188531
0.24393742438539268
0.3348139870205612
0.8200479269787099
0.6558059475959674
0.3069859442785018
0.486220299100411
0.2130656185944606
0.991395883525441
0.03567594155539211
0.35893051898827466
0.5261843452456354
0.6325214546623271
0.7245720842609908
0.22378302699997854
0.8967908471851181
0.020716096358555536
0.14293640906937355
0.5666836102899672
0.9979573775030635
0.18957316817630665
0.8744229453285736
0.5620274344177868
0.3951501891305177
0.5805488527763996
0.11915252643743457
0.7899114136801934
0.6049578800480604
0.74124272915091
0.2990190723672631
0.5645994844952091
0.14249086965054092
0.8327002977963673
0.7064918631650056
0.18017945812380576
0.8841429208415579
0.5763833463089981
0.8678429288085013
0.09907639274951785
0.14369446544478903
0.2568050237975579
0.2536425845666195
0.6100649575979316
0.9622762203770514
0.6624292405392738
0.4625300434023665
0.7646485317914301
0.2465014802299088
0.3952839358926624
0.028680519090628853
0.46415049676676456
0.5541133645054221
0.8088411062140318
0.5590537607844974
0.41458897729371225
0.5227836699967635
0.9440664008681664
0.9934232900921155
0.29238335127079085
0.16523782390574526
0.22514391137154932
0.3983500151628192
0.8711668728587211
0.5126703408044728
0.34923271298574377
0.8556771509317608
0.04845700212058335
0.3784540868381394
0.7587131687761872
0.686788207448738
0.6806608994661795
0.3354349648629231
0.31973325638972205
0.46578350710824235
0.8858706474513647
0.35264427514464536
0.3474659328038563
0.01789464241179539
0.006129034599641758
0.9210481663574165
0.9163405985791692
0.8738708313571507
0.7343233083813778
0.912994289363867
0.472613108651333
0.45673450932490145
0.00559107299746231
0.8663036686362211
0.12699061901799968
0.6142183221246407
0.12909869730871237
0.8614958156724626
0.646628591209599
0.9783588999320382
0.2932797737517585
0.6694230679501758
0.08866927242010136
0.0331378085609354
0.016096886596082327
0.3866305459930216
0.2215924683002023
0.701723048371231
0.331617291965695
0.34704588380408063
0.3660008002102354
0.7267798277588032
0.505169355760135
0.7011427875192224
0.0530635001410098
0.1104818920039079
0.8515728416489664
0.6875112651990869
0.946693937543647
0.40527034012922236
0.7944135072688512
0.28680650752400283
0.804638072487446
0.7020694432572465
0.64905803199497
0.6443371993287892
0.864002309364751
0.7495842694096754
0.7380828043805232
0.3750935633963445
0.928351051382424
0.7564680341777275
0.3550159652805758
0.6238040117901689
0.6063552127105408
0.07756198301999928
0.7807689564039961
0.5426488135951144
0.6060755357953882
0.1660737822414634
0.026860531081403627
0.6705478335087345
0.7243150159919876
0.8854753239443275
0.23051229736308043
0.5504787030033728
0.1870770776447067
0.5180644657793902
0.6589219924940986
0.8050708159884288
0.2950174842177874
0.581548974577923
0.09349667168610964
0.805759472857007
0.906879164318156
0.8706761203099885
0.9595551574974802
0.017073896745519845
0.15425141735591696
0.9778437711680195
0.9429849952552958
0.0751712385538107
0.9225958535607008
0.9147946260940079
0.9925664323097335
0.6685187400748508
0.05633336690496993
0.35690801005778994
0.5451518277885962
0.3286642270779032
0.9498879758647041
0.4622683374335407
0.5306159828182925
0.3103248859756659
0.17193440646660285
0.17960317809804616
0.2144691621416478
0.8425633055868957
0.03669917421137625
0.45234826989907884
0.2182511742797133
0.16660823319648665
0.5840144606207427
0.7505101409852069
0.12130162494145169
0.9409173089635373
0.25892793552828164
0.917662022666769
0.8922276718283818
0.7903675970314135
0.6920210710373343
0.4073221101314275
0.024367554909684896
0.0039990371089291266
0.3731918911622899
0.6011274678617614
0.6567744092442536
0.6445249239349412
0.684508349995443
0.050630950816655584
0.15072181801119433
0.6228625117354224
0.7118406822938218
0.16521285347644654
0.5614585477481508
0.6122260600498578
0.49033276927548974
0.08051239971986168
0.19591710145703256
0.02886362420661226
0.8553736005365524
0.18494909098915124
0.9793068930451373
0.6903078419798301
0.8685818251680789
0.05631716436114231
0.6669994786423659
0.17705032459828718
0.8674182325931948
0.36610104561544543
0.03283991473623349
0.3698379524158276
0.5473916687716492
0.6460737035199449
0.04099481568525942
0.11232874429806572
0.12742649057488242
0.6799034438554364
0.665674441438225
0.4576338826426959
0.5718104799298889
0.6819091470710493
0.4615420873181516
0.4973114693728078
0.046244055689094954
0.3557681790162984
0.20735168982188634
0.34266700495077385
0.27086320459456825
0.38789442997503876
0.9463299269288645
0.43075409625120953
0.19970965415655184
0.9233690689576723
0.5290465295450189
0.9612583726503501
0.503974352008342
0.09672003180966737
0.32799270947095915
0.9354866073256357
0.6654404240300139
0.7455101687363463
0.13781426231101568
0.9649719452400475
0.09690500048439898
0.021608672250341243
0.4011222908746078
0.7447453329421491
0.5979594415981303
0.7331840574763026
0.8070314354275397
0.8451121320984128
0.6273600003723541
0.8998708248948974
0.9980516803260495
0.26581235775775536
0.32732194171875384
0.18422652251550609
0.5906865583140981
0.01773143420618717
0.9704220817808042
0.574509720215863
0.9660670745206053
0.849868100680923
0.5163961592038302
0.9369732927457204
0.31917732428948375
0.12305457807963516
0.26396871408491374
0.8302818713987321
0.2687042098823542
0.7469635463947822
0.1619553628531868
0.2803259072983978
0.924270332747736
0.043225450413629685
0.20422816401912713
0.05061944367215554
0.6837856034164783
0.3750184760772557
0.4747370465122296
0.3116321405249315
0.19087977249256338
0.39228308605383944
0.8316310389676329
0.5118206126472905
0.8208545860333122
0.7817516463263
0.9236256922886821
0.6837878831598019
0.7833209346790077
0.4822727719275566
0.21711332266841987
0.3809142844262675
0.4306626617572027
0.4284495097736718
0.9791154204806622
0.9329663551003203
0.6436954855188698
0.019398780322832154
0.709027525219675
0.7336054645580546
0.22936632762721476
0.674479493450623
0.3412084719646533
0.828380946194476
0.11006394251558482
0.03412481649719845
0.6508177981421746
0.15870725372090377
0.7100896716359485
0.5914541229151324
0.686906187772953
0.43548822357226025
0.35206229183564486
0.7991284034330026
0.7296156885404795
0.7654661222881097
0.6645088015571196
0.9859523732825315
0.222448319850449
0.8340367686126243
0.9716184513525791
0.7390156537990805
0.3659122713578795
0.6601862851940722
0.3871146082726815
0.7597042594976448
0.5754574196766905
0.6823689110726671
0.8664253158049141
0.5857024656712803
0.8044633859219591
0.2085598963126183
0.7848099686042069
0.9861451736501761
0.8121438332692984
0.069380703096243
0.7038262450663154
0.28336840580704803
0.8165840212495366
0.650108786907028
0.8644977049947903
0.3322461232324918
0.614728429234297
0.3455471931780074
0.6027694413966903
0.3968897268085193
0.17398810692126998
0.8811445195177827
0.32131541449677126
0.7045259087549539
0.904238536225344
0.8744186184715684
0.8714875013555466
0.02765761060597649
0.30432982104990713
0.47265253400154605
0.2001736855772166
0.24815192360917648
0.44383382159666906
0.8959942700439614
0.8985581337609726
0.4906877940234686
0.7886029776262783
0.2395070602298468
0.8532536438331053
0.07803541342868325
0.20781823581221204
0.9433798357296289
0.5450026646516573
0.2569281829485187
0.6105545526129443
0.9274226859196837
0.6661202333694475
0.37082766177050186
0.551494061491774
0.5041349230320569
0.6350782833824146
0.9146701414811353
0.318268531089988
0.8340490976423293
0.27510761451653565
0.6967233640502664
0.46701466104324996
0.8677164698687048
0.3934204198426329
0.15397041276134238
0.5080765148024716
0.43061511445054945
0.24863255564833675
0.7199772616735922
0.4603920139158204
0.3504249169707303
0.9261914825995935
0.02798920138825134
0.2909511457541806
0.3005282415978756
0.4550925201531901
0.6470405441654554
0.8348151978389162
0.3392588571837314
0.09389216169156633
0.9951512623711802
0.651538718141948
0.9613360798569802
0.590004318868238
0.05122296458046871
0.4154360913463492
0.8460846704025539
0.37349154822436725
0.4960358170984879
0.859987369551307
0.3864557955590523
0.5850398278630778
0.952787243051013
7.789362381592779E-4
0.5135274479822548
0.5575324756619617
0.0689018804943059
0.34672656060609497
0.29307791980599984
0.8716148430497406
0.28338183041598686
0.07592924006744894
0.26398912676240505
0.3878681188979628
0.2577549316075466
0.7003548523909452
0.5126507043291141
0.7216875193504174
0.11371809269707023
0.5726590819878504
0.03320066553804035
0.4716861144375749
0.8168614745504662
0.6987916088829007
0.010351265193121906
0.13842245844946088
0.27339874087390703
0.7116444734122475
0.27971383393715854
0.07747673696573232
0.9656174890863863
0.5338492388303173
0.36994980887448703
0.019376706596566984
0.24180297812923413
0.2119314121353052
0.2117393347793629
0.6586009709478909
0.6976772805309505
0.6393818948879345
0.8104732240669491
0.5648641809730803
0.4389354050821992
0.40280657194307257
0.9227374482737379
0.20211501998980141
0.3982486314089715
0.7831674009084703
0.051074207083291245
0.15415431670175206
0.29514429674192666
0.023229154603502056
0.8771671219184342
0.7505074874834936
0.2734609209934379
0.33267807933046123
0.5905121371511006
0.16216166907872887
0.7286158074118355
0.7439799878221826
0.4378003128582387
0.694005152867612
0.34571209281699455
0.8548970483970283
0.21765210043951166
0.43928224075636246
0.909550469785407
0.6976840607810023
0.3760072457922863
0.6811042401310055
0.018900935116788253
0.46033626464231625
0.8193882269606304
0.4270333057085197
0.4399277472517841
0.5518630204282944
0.5564193559352836
0.24498258879764767
0.46745087467796
0.5514123662902267
0.8023975827204374
0.13215249225640213
0.3277656389512511
0.9101736338736661
0.23737561737730695
0.49344979538514755
0.353031547870999
0.885336764365547
0.6951308483180955
0.4318126660185575
0.384780716619363
0.07698836007645438
0.6785592275112212
0.460090996345246
0.6228842524906917
0.11167608931615924
0.7464460189178765
0.4326087997461854
0.9263556747161612
0.4704748035908093
0.9972300125966517
0.9642608016850137
0.3936577900610396
0.19473928348423686
0.5872916473652772
0.8559731101370982
0.9027200038472449
0.21932963476280443
0.46445972629523546
0.07758357926836812
0.17466080966446207
0.38094770799543687
0.2718453363803167
0.6726744623249264
0.8402504293888763
0.7283237118896729
0.6827756434989849
0.5446163233251429
0.9344367382765627
0.6213442638313511
0.2645142921722289
0.4590587766223435
0.22179712020466247
0.24781442932082087
0.33661940521965383
0.7553304040248756
0.7645679376559964
0.6093980074129318
0.18920383167305665
0.19768623704922417
0.18494216780496153
0.7323816768334326
0.4570268819393878
0.11706842419196672
0.1446150163085258
0.844260491428155
0.40726023105126685
0.4950216860472251
0.6670963184848124
0.5237434715152202
0.39193548219932617
0.9236322639525373
0.06209755659519234
0.3796298269438988
0.7404941131766994
0.43883471271685603
0.3763403768351504
0.6431076847400339
0.9235252922246278
0.0691590087762165
0.4914227442972354
0.1683790775149091
0.9056907542473862
0.5679651558768573
0.21691753883458875
0.7281160670299202
0.22399998907484853
0.20444049152589916
0.9856679446408475
0.16310498878041002
0.4770132762815559
0.6771108496569194
0.04828272273924239
0.8995367773225037
0.5912139801733682
0.18334301731883362
0.3851234662252395
0.5827534332932354
0.44270536645568215
0.4292934297811074
0.9066154465505153
0.09286176099831311
0.15555210658556717
0.8969833966928512
0.8965019666390368
0.005477641127261679
0.6724993931343426
0.9986587078780588
0.06770219361845853
0.6399650118235728
0.9994679382163543
0.8433176398142606
0.046720465536998046
0.19788576737137376
0.8621363882093911
0.216267662943318
0.5800948226112007
0.13597832293340006
0.3810869312415236
0.02979847447412287
0.2651614711161413
0.8408337105935503
0.7714041753761459
0.9415345349381339
0.14745079204470424
0.8765404055487407
0.0032809751324406333
0.05675794375188026
0.0983193422254629
0.5619196812292367
0.8220996743798407
0.6319680323971799
0.4889621951876052
0.40057588369443065
0.5196202345100844
0.47917135785176523
0.31073804187104404
0.9348366500444306
0.3723219365315201
0.3338720421719753
0.5567790700615833
0.9237603043820399
0.7186086716269179
0.7944588187380589
0.3761467992315035
0.3557389893631304
0.233501829767922
0.5666621139527894
0.23933370468054038
0.6978274405568882
0.07760965390151109
0.6539806442286901
0.11269975398920451
0.956779459561316
0.2465748913016227
0.8234538618266461
0.429472199461157
0.5808750188223056
0.6278675927201344
0.1458829176238251
0.46622570521140205
0.9669729205723367
0.9837034524005028
0.660579592767114
0.5862991650324968
0.3538254696154969
0.3220321296889559
0.2469491989562943
0.6953945526768008
0.18054294325761688
0.8919544266829396
0.5986894607756926
0.16964224206032374
0.5681974816707912
0.3455909283097688
0.791115108228247
0.4627063517160329
0.4429074843207177
0.44533875470907414
0.3080931958001578
0.5760424479736714
0.9603449658952184
0.06361749040533493
0.5523015410493972
0.5852095173074618
0.31446017959827544
0.12161900801327052
0.8009990563269667
0.4551765827239136
0.7173194563613534
0.544240137223658
0.2892230705790584
0.4488540463427574
0.3223030692285678
0.27029134652378806
0.6033057343981176
0.5356181380481295
0.12951250138830428
0.8502383882827557
0.849827676166942
0.34038661417861527
0.460087331882968
0.18814798233749785
0.12860395880711484
0.33884268159669306
0.4152337669419829
0.5401730641497601
0.6830240769234355
0.20069291520016297
0.8461182811452957
0.968826425752051
0.727043636983141
0.41038430195791
0.7523817704039815
0.070456383468821
0.35535292237304206
0.5534945728990057
0.6998805828261355
0.942751867689005
0.13172309505357338
0.9470490337855687
0.8023628849838081
0.03976811966131588
0.9202580960699579
0.6133058923339063
0.047140207067448925
0.7738789073550916
0.27525651736426804
0.9490917075011982
0.2614152720534839
0.4672243930866494
0.23761430237308112
0.8265571769800226
0.813779394399521
0.5296387483071333
0.6991757947704571
0.2762624780530225
0.2244937616588638
0.5457048884156628
0.5911672593146549
0.34979105257585175
0.21852062061434296
0.29049822822998395
0.028823173550330705
0.23662912702612082
0.3968721522221711
0.5617453039729337
0.2015428689255141
0.21883749924426266
0.6246960854866309
0.11553703656100023
0.2363908173965984
0.5870816086526183
0.4386188826348807
0.9234008004482476
0.48248127816920494
0.21287423566244157
0.26121876236064756
0.43044906058732446
0.6647636519863591
0.07442491166467424
0.9771025403048608
0.4874869055562303
0.13795247751943074
0.6672787153506772
0.4729114963811235
0.15437443021632313
0.034821626936319294
0.8959665510769013
0.07268353833651853
0.6276042306402911
0.4478094024871553
0.7391777157531377
0.4103501064300594
0.13196835850765531
0.9088577273907824
0.7085049332043359
0.17274785171315366
0.7343529566109667
0.3396348349545295
0.8796010111485643
0.31937703070176693
0.6871130277923467
0.33276792220351514
0.06462493035433536
0.8392394958375542
0.08914370598513544
0.09443849430506845
0.516145311229708
0.8404415380331588
0.3646787749295394
0.6296694778184604
0.40520667753052186
0.784847600047133
0.3030106466574841
0.7838605332508558
0.20005466581679432
0.9779229033606127
0.17674089258151682
0.5676034746331152
0.9870541287528277
0.003004692404417253
0.761833496324759
0.786537373860787
0.7216236889071945
0.6495927258826106
0.9196581882989643
0.373978320027993
0.37454949709046903
0.026852189940217763
0.7693742359412824
0.9812867021876577
0.947829646064394
0.9763726467384504
0.37841968535229153
0.31941007249424436
0.37423973603229166
0.6023293604730041
0.3295352681814917
0.46476737073359176
0.3860999297117933
0.722543741639775
0.48466556984807396
0.8436160506678934
0.5412614321604775
0.31054223446955154
0.7592448665408831
0.8912706769743295
0.7281210631919779
0.5465638378146387
0.7447886861100526
0.4460178620777273
0.6365103338072794
0.9245683679919338
0.5733762412691866
0.7822992514696074
0.8775952887704158
0.972648933843307
0.5045230052387142
0.8137102881623938
0.6634618484078704
0.5358539724488346
0.33310680537463266
0.40358989712028126
0.21585129022615102
0.2432751282077007
0.8664249292446381
0.9094519144945841
0.36354844265633146
0.7353596921758591
0.399123348494947
0.05723627782329577
0.1092152169671613
0.46275707867148985
0.3266540866376282
0.9923341737358551
0.29900068795979695
0.38461089736230736
0.7810798136326428
0.8865682227682481
0.9120480313217263
0.6920594951702961
0.4474596532301707
0.7937848765244836
0.9020577586379119
0.7618093470437984
0.5247137794310204
0.5414434924725833
0.9693557855277286
0.9049977106807497
0.13177845915646513
0.3215622496193925
0.11945381988881598
0.11816176930323863
0.32802773949141295
0.3016083630172358
0.3728787830160105
0.9659837060879901
0.3163511170312451
0.014396174900733971
0.5310866717623508
0.9295823698617174
0.3279417656958279
0.5057834184721401
0.4745660889486747
0.039473789982549023
0.14976266321763343
0.21993256659378102
0.07177461677513175
0.37892473424543727
0.24882344586984695
0.38413058759845675
0.4113414712683242
0.09127415294401187
0.9718134479393503
0.2186371556336193
0.735007999364565
0.8539001421608411
0.35430161569470864
0.6417578371686814
0.14506712546042033
0.3918605940999459
0.660627205790773
0.26631516242967357
0.8876017647960606
0.4958378263192692
0.8937699763691128
0.3909177144536736
0.7716114207469452
0.18186875127619684
0.1639018561156509
0.3779027320667896
0.07415491202581936
0.08444400807879471
0.9849869167639937
0.2795559053486133
0.10292681974787421
0.9099107972509186
0.2807098828515885
0.8251867547629372
0.44022350850840664
0.7937156221241802
0.12417787743996223
0.9138663061607278
0.7760444850001236
0.7028752538034021
0.010254118982580995
0.5711090573789639
0.15311323830904122
